Grasp:
	ILP1: 0.12974323988
	ILP2: 0.137508049011
	ILP4: 0.138495690823
	
	ILP16: 0.159010529518

