Grasp:
	ILP1: 0.12974323988
	ILP2: 0.137508049011
	ILP4: 0.138495690823
	
	ILP1: 0.253208591938
	ILP2: 0.295136840343
	ILP4: 0.265612819195
	ILP8: 0.268168320656
	ILP16: 0.25965061903
	ILP32: 0.257984669209

